previous programs:

1

---
90 41 130 108 90 126 134 65 7
35 77 130 128 80 126 134 32 7
19 77 130 152 80 130 134 128 7
43 39 163 168 30 21 165 63 7
90 90 90 90 90 90 90 90 7
---


2

---
90 42 133 90 90 90 131 90 7
42 42 133 110 58 90 134 42 7
42 8 150 110 58 33 165 42 7
90 90 90 90 90 90 90 90 7
---



cat is a bit down:
75 75 105 105 105 105 75 75 5

body is back, while cat is a bit down:
50 50 130 130 75 75 105 105 7

body is forward, while cat is a bit down:
100 100 80 80 135 135 45 45 7

------------------------------------
backup1: ok up to lifted rb leg
down
75 75 105 105 105 105 75 75 5
body fwd
100 100 80 80 135 135 45 45 7
lean left
70 90 100 80 165 145 25 45 7
rb leg up
70 90 100 110 165 145 25 15 7
rb leg fwd
70 90 100 160 165 145 25 65 7

------------------------------------
down
75 75 105 105 105 105 75 75 5
body fwd
100 100 80 80 135 135 45 45 7
lean left
70 90 100 80 165 145 25 45 7
rb leg up
70 90 100 110 165 145 25 15 7
rb leg down fwd
70 90 100 145 165 145 25 90 7
reverse lean left
100 100 80 145 135 135 45 90 7
lean right a bit
100 100 90 145 135 135 35 90 7


75 75 105 105 105 105 75 75 7
100 100 80 80 135 135 45 45 7
70 90 100 80 165 145 25 45 7
70 90 100 110 165 145 25 15 7
70 90 100 145 165 145 25 90 7
100 100 80 145 135 135 45 90 7
100 100 90 145 135 135 35 90 7
100 70 90 145 135 165 35 90 7
100 40 90 145 135 90 35 90 7
75 40 90 155 160 90 35 90 7
45 40 90 155 90 90 35 90 7
45 40 90 125 90 90 60 90 7
45 25 90 135 90 105 60 80 7
45 25 120 135 90 105 30 80 7
45 25 150 135 90 105 90 80 7

forward movement fast:

75 75 105 105 105 105 75 75 1
100 100 80 80 135 135 45 45 1
70 90 100 80 165 145 25 45 1
70 90 100 110 165 145 25 15 1
70 90 100 145 165 145 25 90 1
100 100 80 145 135 135 45 90 1
100 100 90 145 135 135 35 90 1
100 70 90 145 135 165 35 90 1
100 40 90 145 135 90 35 90 1
75 40 90 155 160 90 35 90 1
45 40 90 155 90 90 35 90 1
45 40 90 125 90 90 60 90 1
45 25 90 135 90 105 60 80 1
45 25 120 135 90 105 30 80 1
45 25 150 135 90 105 90 80 1


backward movement:



45 25 150 135 90 105 90 80 1
45 25 120 135 90 105 30 80 1
45 25 90 135 90 105 60 80 1
45 40 90 125 90 90 60 90 1
45 40 90 155 90 90 35 90 1
75 40 90 155 160 90 35 90 1
100 40 90 145 135 90 35 90 1
100 70 90 145 135 165 35 90 1
100 100 90 145 135 135 35 90 1
100 100 80 145 135 135 45 90 1
70 90 100 145 165 145 25 90 1
70 90 100 110 165 145 25 15 1
70 90 100 80 165 145 25 45 1
100 100 80 80 135 135 45 45 1
75 75 105 105 105 105 75 75 1
